10000	20	10001
10001	17	10000
10000	22	10001
10001	19	10000
10001	9	10002
10001	9	10003
10001	9	10004
10001	9	10005
10001	9	10006
10001	9	10007
10001	9	10008
10001	9	10009
10001	9	10010
10000	22	10002
10002	19	10000
10002	9	10003
10002	9	10004
10002	9	10005
10002	9	10006
10002	9	10007
10002	9	10008
10002	9	10009
10002	9	10010
10000	22	10003
10003	19	10000
10003	9	10004
10003	9	10005
10003	9	10006
10003	9	10007
10003	9	10008
10003	9	10009
10003	9	10010
10000	22	10004
10004	19	10000
10004	9	10005
10004	9	10006
10004	9	10007
10004	9	10008
10004	9	10009
10004	9	10010
10000	22	10005
10005	19	10000
10005	9	10006
10005	9	10007
10005	9	10008
10005	9	10009
10005	9	10010
10000	22	10006
10006	19	10000
10006	9	10007
10006	9	10008
10006	9	10009
10006	9	10010
10000	22	10007
10007	19	10000
10007	9	10008
10007	9	10009
10007	9	10010
10000	22	10008
10008	19	10000
10008	9	10009
10008	9	10010
10000	22	10009
10009	19	10000
10009	9	10010
10000	22	10010
10010	19	10000
10011	20	10012
10012	17	10011
10011	22	10012
10012	19	10011
10012	9	10013
10012	9	10014
10012	9	10015
10012	9	10016
10012	9	10017
10012	9	10018
10012	9	10019
10012	9	10020
10012	9	10021
10012	9	10022
10012	9	10023
10012	9	10024
10012	9	10025
10012	9	10026
10012	9	10027
10012	9	10028
10012	9	10029
10011	22	10013
10013	19	10011
10013	9	10014
10013	9	10015
10013	9	10016
10013	9	10017
10013	9	10018
10013	9	10019
10013	9	10020
10013	9	10021
10013	9	10022
10013	9	10023
10013	9	10024
10013	9	10025
10013	9	10026
10013	9	10027
10013	9	10028
10013	9	10029
10011	22	10014
10014	19	10011
10014	9	10015
10014	9	10016
10014	9	10017
10014	9	10018
10014	9	10019
10014	9	10020
10014	9	10021
10014	9	10022
10014	9	10023
10014	9	10024
10014	9	10025
10014	9	10026
10014	9	10027
10014	9	10028
10014	9	10029
10011	22	10015
10015	19	10011
10015	9	10016
10015	9	10017
10015	9	10018
10015	9	10019
10015	9	10020
10015	9	10021
10015	9	10022
10015	9	10023
10015	9	10024
10015	9	10025
10015	9	10026
10015	9	10027
10015	9	10028
10015	9	10029
10011	22	10016
10016	19	10011
10016	9	10017
10016	9	10018
10016	9	10019
10016	9	10020
10016	9	10021
10016	9	10022
10016	9	10023
10016	9	10024
10016	9	10025
10016	9	10026
10016	9	10027
10016	9	10028
10016	9	10029
10011	22	10017
10017	19	10011
10017	9	10018
10017	9	10019
10017	9	10020
10017	9	10021
10017	9	10022
10017	9	10023
10017	9	10024
10017	9	10025
10017	9	10026
10017	9	10027
10017	9	10028
10017	9	10029
10011	22	10018
10018	19	10011
10018	9	10019
10018	9	10020
10018	9	10021
10018	9	10022
10018	9	10023
10018	9	10024
10018	9	10025
10018	9	10026
10018	9	10027
10018	9	10028
10018	9	10029
10011	22	10019
10019	19	10011
10019	9	10020
10019	9	10021
10019	9	10022
10019	9	10023
10019	9	10024
10019	9	10025
10019	9	10026
10019	9	10027
10019	9	10028
10019	9	10029
10011	22	10020
10020	19	10011
10020	9	10021
10020	9	10022
10020	9	10023
10020	9	10024
10020	9	10025
10020	9	10026
10020	9	10027
10020	9	10028
10020	9	10029
10011	22	10021
10021	19	10011
10021	9	10022
10021	9	10023
10021	9	10024
10021	9	10025
10021	9	10026
10021	9	10027
10021	9	10028
10021	9	10029
10011	22	10022
10022	19	10011
10022	9	10023
10022	9	10024
10022	9	10025
10022	9	10026
10022	9	10027
10022	9	10028
10022	9	10029
10011	22	10023
10023	19	10011
10023	9	10024
10023	9	10025
10023	9	10026
10023	9	10027
10023	9	10028
10023	9	10029
10011	22	10024
10024	19	10011
10024	9	10025
10024	9	10026
10024	9	10027
10024	9	10028
10024	9	10029
10011	22	10025
10025	19	10011
10025	9	10026
10025	9	10027
10025	9	10028
10025	9	10029
10011	22	10026
10026	19	10011
10026	9	10027
10026	9	10028
10026	9	10029
10011	22	10027
10027	19	10011
10027	9	10028
10027	9	10029
10011	22	10028
10028	19	10011
10028	9	10029
10011	22	10029
10029	19	10011
10001	12	10012
10001	13	10012
10001	14	10012
10002	14	10004
10002	14	10010
10002	14	10025
10002	12	10028
10002	13	10028
10002	14	10028
10004	14	10002
10004	12	10010
10004	14	10010
10004	14	10025
10004	14	10028
10005	14	10020
10006	12	10007
10006	14	10007
10006	12	10008
10006	13	10008
10006	14	10009
10006	12	10021
10006	13	10021
10006	14	10021
10006	12	10022
10006	14	10022
10007	12	10006
10007	14	10006
10007	14	10009
10007	14	10021
10007	14	10022
10008	12	10006
10008	13	10006
10008	14	10013
10008	14	10019
10008	14	10023
10008	12	10024
10008	14	10024
10008	14	10029
10009	14	10006
10009	14	10007
10009	14	10021
10009	14	10022
10010	14	10002
10010	12	10004
10010	14	10004
10010	13	10015
10010	12	10025
10010	14	10025
10010	14	10028
10012	12	10001
10012	13	10001
10012	14	10001
10013	14	10008
10013	14	10019
10013	12	10023
10013	14	10023
10013	14	10024
10013	14	10029
10015	13	10010
10015	14	10016
10016	14	10015
10017	14	10018
10018	14	10017
10019	14	10008
10019	14	10013
10019	14	10023
10019	14	10024
10019	14	10029
10020	14	10005
10021	12	10006
10021	13	10006
10021	14	10006
10021	14	10007
10021	14	10009
10021	12	10022
10021	14	10022
10022	12	10006
10022	14	10006
10022	14	10007
10022	14	10009
10022	12	10021
10022	14	10021
10022	12	10024
10023	14	10008
10023	12	10013
10023	14	10013
10023	14	10019
10023	14	10024
10023	14	10029
10024	12	10008
10024	14	10008
10024	14	10013
10024	14	10019
10024	12	10022
10024	14	10023
10024	14	10029
10025	14	10002
10025	14	10004
10025	12	10010
10025	14	10010
10025	14	10028
10028	12	10002
10028	13	10002
10028	14	10002
10028	14	10004
10028	14	10010
10028	14	10025
10029	14	10008
10029	14	10013
10029	14	10019
10029	14	10023
10029	14	10024
10002	18	10000
10000	21	10002
10002	10	10012
10012	11	10002
10000	23	10011
10011	24	10000
10002	15	10012
10010	15	10025
10005	15	10020
10020	15	10005
10001	16	10002
10001	16	10003
10001	16	10004
10001	16	10005
10001	16	10006
10001	16	10007
10001	16	10008
10001	16	10010
10001	16	10003
10012	16	10013
10012	16	10014
10012	16	10015
10012	16	10016
10012	16	10016
10012	16	10017
10012	16	10018
10012	16	10020
10012	16	10021
10012	16	10022
10012	16	10023
10012	16	10024
10012	16	10025
10013	16	10014
10013	16	10015
10013	16	10016
10013	16	10017
10013	16	10018
10013	16	10020
10013	16	10021
10013	16	10022
10013	16	10023
10013	16	10024
10013	16	10025
10015	16	10013
10015	16	10016
10015	16	10017
10015	16	10018
10015	16	10020
10015	16	10021
10015	16	10022
10015	16	10023
10015	16	10024
10015	16	10025
10016	16	10013
10016	16	10016
10016	16	10017
10016	16	10018
10016	16	10020
10016	16	10021
10016	16	10022
10016	16	10023
10016	16	10024
10016	16	10025
