0	7	1
1	5	0
0	8	1
1	6	0
1	0	2
1	0	3
1	0	4
1	0	5
1	0	6
1	0	7
1	0	8
1	0	9
1	0	10
0	8	2
2	6	0
2	0	3
2	0	4
2	0	5
2	0	6
2	0	7
2	0	8
2	0	9
2	0	10
0	8	3
3	6	0
3	0	4
3	0	5
3	0	6
3	0	7
3	0	8
3	0	9
3	0	10
0	8	4
4	6	0
4	0	5
4	0	6
4	0	7
4	0	8
4	0	9
4	0	10
0	8	5
5	6	0
5	0	6
5	0	7
5	0	8
5	0	9
5	0	10
0	8	6
6	6	0
6	0	7
6	0	8
6	0	9
6	0	10
0	8	7
7	6	0
7	0	8
7	0	9
7	0	10
0	8	8
8	6	0
8	0	9
8	0	10
0	8	9
9	6	0
9	0	10
0	8	10
10	6	0
11	7	12
12	5	11
11	8	12
12	6	11
12	0	13
12	0	14
12	0	15
12	0	16
12	0	17
12	0	18
12	0	19
12	0	20
12	0	21
12	0	22
12	0	23
12	0	24
12	0	25
12	0	26
12	0	27
12	0	28
12	0	29
11	8	13
13	6	11
13	0	14
13	0	15
13	0	16
13	0	17
13	0	18
13	0	19
13	0	20
13	0	21
13	0	22
13	0	23
13	0	24
13	0	25
13	0	26
13	0	27
13	0	28
13	0	29
11	8	14
14	6	11
14	0	15
14	0	16
14	0	17
14	0	18
14	0	19
14	0	20
14	0	21
14	0	22
14	0	23
14	0	24
14	0	25
14	0	26
14	0	27
14	0	28
14	0	29
11	8	15
15	6	11
15	0	16
15	0	17
15	0	18
15	0	19
15	0	20
15	0	21
15	0	22
15	0	23
15	0	24
15	0	25
15	0	26
15	0	27
15	0	28
15	0	29
11	8	16
16	6	11
16	0	17
16	0	18
16	0	19
16	0	20
16	0	21
16	0	22
16	0	23
16	0	24
16	0	25
16	0	26
16	0	27
16	0	28
16	0	29
11	8	17
17	6	11
17	0	18
17	0	19
17	0	20
17	0	21
17	0	22
17	0	23
17	0	24
17	0	25
17	0	26
17	0	27
17	0	28
17	0	29
11	8	18
18	6	11
18	0	19
18	0	20
18	0	21
18	0	22
18	0	23
18	0	24
18	0	25
18	0	26
18	0	27
18	0	28
18	0	29
11	8	19
19	6	11
19	0	20
19	0	21
19	0	22
19	0	23
19	0	24
19	0	25
19	0	26
19	0	27
19	0	28
19	0	29
11	8	20
20	6	11
20	0	21
20	0	22
20	0	23
20	0	24
20	0	25
20	0	26
20	0	27
20	0	28
20	0	29
11	8	21
21	6	11
21	0	22
21	0	23
21	0	24
21	0	25
21	0	26
21	0	27
21	0	28
21	0	29
11	8	22
22	6	11
22	0	23
22	0	24
22	0	25
22	0	26
22	0	27
22	0	28
22	0	29
11	8	23
23	6	11
23	0	24
23	0	25
23	0	26
23	0	27
23	0	28
23	0	29
11	8	24
24	6	11
24	0	25
24	0	26
24	0	27
24	0	28
24	0	29
11	8	25
25	6	11
25	0	26
25	0	27
25	0	28
25	0	29
11	8	26
26	6	11
26	0	27
26	0	28
26	0	29
11	8	27
27	6	11
27	0	28
27	0	29
11	8	28
28	6	11
28	0	29
11	8	29
29	6	11
1	3	2
1	3	3
1	3	4
1	3	6
1	3	7
1	3	8
1	3	9
1	3	10
1	1	12
1	2	12
1	3	12
1	4	12
1	3	13
1	3	15
1	3	16
1	3	17
1	3	18
1	3	19
1	3	21
1	3	22
1	3	23
1	3	24
1	3	25
1	3	26
1	3	27
1	3	29
2	3	1
2	3	3
2	3	4
2	4	4
2	3	6
2	3	7
2	3	8
2	3	9
2	4	10
2	3	12
2	3	15
2	3	16
2	3	17
2	3	18
2	3	19
2	3	21
2	3	22
2	3	23
2	3	24
2	4	25
2	3	27
2	1	28
2	2	28
2	3	28
2	4	28
2	1	29
2	3	29
2	4	29
3	3	1
3	3	2
3	3	6
3	3	7
3	3	8
3	3	9
3	3	10
3	3	12
3	3	13
3	2	14
3	3	14
3	3	15
3	3	16
3	3	17
3	3	18
3	3	19
3	3	21
3	3	22
3	3	23
3	3	24
3	3	25
3	3	26
3	3	27
3	3	29
4	3	1
4	3	2
4	4	2
4	3	8
4	3	9
4	1	10
4	4	10
4	3	12
4	3	13
4	3	16
4	3	23
4	3	24
4	1	25
4	4	25
4	3	27
4	4	28
4	3	29
4	4	29
5	1	20
5	2	20
5	3	20
5	4	20
6	3	1
6	3	2
6	3	3
6	1	7
6	3	7
6	4	7
6	1	8
6	2	8
6	3	8
6	3	9
6	3	10
6	3	12
6	3	13
6	3	14
6	3	15
6	3	16
6	3	17
6	3	18
6	3	19
6	1	21
6	2	21
6	3	21
6	4	21
6	1	22
6	3	22
6	4	22
6	1	23
6	2	23
6	3	23
6	3	24
6	3	25
6	3	26
6	3	27
6	3	29
7	3	1
7	3	2
7	3	3
7	1	6
7	3	6
7	4	6
7	3	8
7	1	9
7	3	9
7	3	10
7	3	12
7	3	13
7	3	14
7	3	15
7	3	16
7	3	17
7	3	18
7	3	19
7	1	21
7	3	21
7	4	21
7	1	22
7	2	22
7	3	22
7	4	22
7	3	23
7	1	24
7	3	24
7	3	25
7	3	26
7	3	27
7	3	29
8	3	1
8	3	2
8	3	3
8	3	4
8	1	6
8	2	6
8	3	6
8	3	7
8	1	9
8	3	9
8	4	9
8	3	10
8	3	12
8	3	13
8	4	13
8	3	15
8	3	16
8	3	17
8	3	18
8	3	19
8	1	21
8	2	21
8	3	21
8	3	22
8	1	23
8	2	23
8	3	23
8	4	23
8	1	24
8	3	24
8	4	24
8	3	25
8	3	26
8	3	27
8	3	28
8	3	29
9	3	1
9	3	2
9	3	3
9	3	4
9	3	6
9	1	7
9	3	7
9	1	8
9	3	8
9	4	8
9	3	10
9	3	12
9	3	13
9	4	13
9	3	15
9	3	16
9	3	17
9	3	18
9	3	19
9	3	21
9	1	22
9	3	22
9	1	23
9	3	23
9	4	23
9	1	24
9	2	24
9	3	24
9	4	24
9	3	25
9	3	26
9	3	27
9	3	28
9	3	29
10	3	1
10	4	2
10	3	3
10	1	4
10	4	4
10	3	6
10	3	7
10	3	8
10	3	9
10	3	12
10	3	13
10	3	15
10	3	16
10	3	17
10	3	18
10	3	19
10	3	21
10	3	22
10	3	23
10	3	24
10	1	25
10	2	25
10	3	25
10	4	25
10	3	26
10	3	27
10	4	28
10	3	29
10	4	29
12	1	1
12	2	1
12	3	1
12	4	1
12	3	2
12	3	3
12	3	4
12	3	6
12	3	7
12	3	8
12	3	9
12	3	10
12	3	13
12	3	15
12	3	16
12	3	17
12	3	18
12	3	19
12	3	21
12	3	22
12	3	23
12	3	24
12	3	25
12	3	26
12	3	27
12	3	29
13	3	1
13	3	3
13	3	4
13	3	6
13	3	7
13	3	8
13	4	8
13	3	9
13	4	9
13	3	10
13	3	12
13	3	15
13	3	16
13	3	17
13	1	18
13	3	18
13	3	19
13	3	21
13	3	22
13	3	23
13	4	23
13	3	24
13	4	24
13	3	25
13	1	26
13	3	26
13	3	27
13	3	29
14	2	3
14	3	3
14	3	6
14	3	7
14	1	15
14	3	15
14	3	17
14	3	18
14	3	19
14	3	21
14	3	22
14	3	27
15	3	1
15	3	2
15	3	3
15	3	6
15	3	7
15	3	8
15	3	9
15	3	10
15	3	12
15	3	13
15	1	14
15	3	14
15	1	16
15	2	16
15	3	16
15	4	16
15	3	17
15	3	18
15	3	19
15	3	21
15	3	22
15	3	23
15	3	24
15	3	25
15	3	26
15	3	27
15	3	29
16	3	1
16	3	2
16	3	3
16	3	4
16	3	6
16	3	7
16	3	8
16	3	9
16	3	10
16	3	12
16	3	13
16	1	15
16	2	15
16	3	15
16	4	15
16	3	17
16	3	18
16	3	19
16	3	21
16	3	22
16	3	23
16	3	24
16	3	25
16	3	26
16	3	27
16	3	28
16	3	29
17	3	1
17	3	2
17	3	3
17	3	6
17	3	7
17	3	8
17	3	9
17	3	10
17	3	12
17	3	13
17	3	14
17	3	15
17	3	16
17	1	18
17	3	18
17	4	18
17	3	19
17	4	19
17	3	21
17	3	22
17	3	23
17	3	24
17	3	25
17	3	26
17	3	27
17	3	29
18	3	1
18	3	2
18	3	3
18	3	6
18	3	7
18	3	8
18	3	9
18	3	10
18	3	12
18	1	13
18	3	13
18	3	14
18	3	15
18	3	16
18	1	17
18	3	17
18	4	17
18	3	19
18	4	19
18	3	21
18	3	22
18	3	23
18	3	24
18	3	25
18	3	26
18	3	27
18	3	29
19	3	1
19	3	2
19	3	3
19	3	6
19	3	7
19	3	8
19	3	9
19	3	10
19	3	12
19	3	13
19	3	14
19	3	15
19	3	16
19	3	17
19	4	17
19	3	18
19	4	18
19	3	21
19	3	22
19	3	23
19	3	24
19	3	25
19	3	26
19	3	27
19	3	29
20	1	5
20	2	5
20	3	5
20	4	5
21	3	1
21	3	2
21	3	3
21	1	6
21	2	6
21	3	6
21	4	6
21	1	7
21	3	7
21	4	7
21	1	8
21	2	8
21	3	8
21	3	9
21	3	10
21	3	12
21	3	13
21	3	14
21	3	15
21	3	16
21	3	17
21	3	18
21	3	19
21	1	22
21	3	22
21	4	22
21	1	23
21	2	23
21	3	23
21	3	24
21	3	25
21	3	26
21	3	27
21	3	29
22	3	1
22	3	2
22	3	3
22	1	6
22	3	6
22	4	6
22	1	7
22	2	7
22	3	7
22	4	7
22	3	8
22	1	9
22	3	9
22	3	10
22	3	12
22	3	13
22	3	14
22	3	15
22	3	16
22	3	17
22	3	18
22	3	19
22	1	21
22	3	21
22	4	21
22	3	23
22	1	24
22	3	24
22	3	25
22	3	26
22	3	27
22	3	29
23	3	1
23	3	2
23	3	3
23	3	4
23	1	6
23	2	6
23	3	6
23	3	7
23	1	8
23	2	8
23	3	8
23	4	8
23	1	9
23	3	9
23	4	9
23	3	10
23	3	12
23	3	13
23	4	13
23	3	15
23	3	16
23	3	17
23	3	18
23	3	19
23	1	21
23	2	21
23	3	21
23	3	22
23	1	24
23	3	24
23	4	24
23	3	25
23	3	26
23	3	27
23	3	28
23	3	29
24	3	1
24	3	2
24	3	3
24	3	4
24	3	6
24	1	7
24	3	7
24	1	8
24	3	8
24	4	8
24	1	9
24	2	9
24	3	9
24	4	9
24	3	10
24	3	12
24	3	13
24	4	13
24	3	15
24	3	16
24	3	17
24	3	18
24	3	19
24	3	21
24	1	22
24	3	22
24	1	23
24	3	23
24	4	23
24	3	25
24	3	26
24	3	27
24	3	28
24	3	29
25	3	1
25	4	2
25	3	3
25	1	4
25	4	4
25	3	6
25	3	7
25	3	8
25	3	9
25	1	10
25	2	10
25	3	10
25	4	10
25	3	12
25	3	13
25	3	15
25	3	16
25	3	17
25	3	18
25	3	19
25	3	21
25	3	22
25	3	23
25	3	24
25	3	26
25	3	27
25	4	28
25	3	29
25	4	29
26	3	1
26	3	3
26	3	6
26	3	7
26	3	8
26	3	9
26	3	10
26	3	12
26	1	13
26	3	13
26	3	15
26	3	16
26	3	17
26	3	18
26	3	19
26	3	21
26	3	22
26	3	23
26	3	24
26	3	25
26	3	27
26	3	29
27	3	1
27	3	2
27	3	3
27	3	4
27	3	6
27	3	7
27	3	8
27	3	9
27	3	10
27	3	12
27	3	13
27	3	14
27	3	15
27	3	16
27	3	17
27	3	18
27	3	19
27	3	21
27	3	22
27	3	23
27	3	24
27	3	25
27	3	26
27	3	28
27	3	29
28	1	2
28	2	2
28	3	2
28	4	2
28	4	4
28	3	8
28	3	9
28	4	10
28	3	16
28	3	23
28	3	24
28	4	25
28	3	27
28	3	29
28	4	29
29	3	1
29	1	2
29	3	2
29	4	2
29	3	3
29	3	4
29	4	4
29	3	6
29	3	7
29	3	8
29	3	9
29	3	10
29	4	10
29	3	12
29	3	13
29	3	15
29	3	16
29	3	17
29	3	18
29	3	19
29	3	21
29	3	22
29	3	23
29	3	24
29	3	25
29	4	25
29	3	26
29	3	27
29	3	28
29	4	28
